




__________________________________________________
124                                  1024 512 256 128 64 32 16 8 4 2 1
                                                                              0 0 1 0     0 1 1 0     1 1 1 0
                                                                              8 4 2 1     8 4 2 1     8 4 2 1    
                                                                                 
                                                                                 2          6           14
                                                                                                        E

                                                                                 123456789ABCDEF
